service_id,monday,tuesday,wednesday,thursday,friday,saturday,sunday,start_date,end_date
66801,1,1,1,1,1,0,0,20241014,20241231
66802,1,1,1,1,0,0,0,20241014,20241231
66803,0,1,1,1,1,0,0,20241014,20241231
66804,0,1,1,1,1,0,0,20241014,20241231
66805,0,0,0,0,1,0,0,20241014,20241231
66806,0,0,0,0,0,1,0,20241014,20241231
66807,0,0,0,0,0,1,0,20241014,20241231
66808,0,0,0,0,0,0,1,20241014,20241231
66809,0,0,0,0,0,0,1,20241014,20241231
66810,0,0,1,1,1,1,0,20241014,20241231
66811,0,1,1,1,1,1,0,20241014,20241231
66812,0,1,1,1,1,1,0,20241014,20241231
66813,1,0,0,0,0,0,0,20241014,20241231
66814,1,0,0,0,0,0,0,20241014,20241231
66815,1,0,0,0,0,0,0,20241014,20241231
66816,0,1,0,0,0,0,0,20241014,20241231
66817,0,1,0,0,0,0,0,20241014,20241231
66818,1,0,1,1,1,0,0,20241014,20241231
66819,1,0,1,1,1,0,0,20241014,20241231
66820,0,0,1,0,0,0,0,20241014,20241231
66821,0,0,1,0,0,0,0,20241014,20241231
66822,1,1,0,1,1,0,0,20241014,20241231
66823,1,1,0,1,1,0,0,20241014,20241231
66824,0,0,0,1,0,0,0,20241014,20241231
66825,0,0,0,1,0,0,0,20241014,20241231
66826,1,1,1,0,1,0,0,20241014,20241231
66827,1,1,1,0,1,0,0,20241014,20241231
66828,0,1,1,0,0,0,0,20241014,20241231
66829,0,1,1,0,0,0,0,20241014,20241231
66830,1,0,0,1,1,0,0,20241014,20241231
66831,1,0,0,1,1,0,0,20241014,20241231
66832,1,1,0,0,1,0,0,20241014,20241231
66833,1,1,0,0,1,0,0,20241014,20241231
66834,1,1,1,1,1,0,1,20241014,20241231
66835,1,1,1,1,1,0,1,20241014,20241231
66836,1,1,1,1,1,1,0,20241014,20241231
66837,1,1,1,1,1,1,0,20241014,20241231
66838,1,1,1,1,1,1,0,20241014,20241231
66839,1,1,1,1,1,0,0,20241014,20241231
66840,1,1,1,1,0,0,1,20241014,20241231
66841,0,1,1,0,1,0,0,20241014,20241231
66842,0,1,1,0,1,0,0,20241014,20241231
108401,1,1,1,1,1,0,0,20241014,20241102
108402,1,1,1,1,0,0,0,20241014,20241102
108403,0,1,1,1,1,0,0,20241014,20241102
108404,0,1,1,1,1,0,0,20241014,20241102
108405,0,0,0,0,1,0,0,20241014,20241102
108406,0,0,0,0,0,1,0,20241014,20241102
108407,0,0,0,0,0,1,0,20241014,20241102
108408,0,0,0,0,0,0,1,20241014,20241102
108409,0,0,0,0,0,0,1,20241014,20241102
108410,0,0,1,1,1,1,0,20241014,20241102
108411,0,1,1,1,1,1,0,20241014,20241102
108412,0,1,1,1,1,1,0,20241014,20241102
108413,1,0,0,0,0,0,0,20241014,20241102
108414,1,0,0,0,0,0,0,20241014,20241102
108415,1,0,0,0,0,0,0,20241014,20241102
108416,0,1,0,0,0,0,0,20241014,20241102
108417,0,1,0,0,0,0,0,20241014,20241102
108418,1,0,1,1,1,0,0,20241014,20241102
108419,1,0,1,1,1,0,0,20241014,20241102
108420,0,0,1,0,0,0,0,20241014,20241102
108421,0,0,1,0,0,0,0,20241014,20241102
108422,1,1,0,1,1,0,0,20241014,20241102
108423,1,1,0,1,1,0,0,20241014,20241102
108424,0,0,0,1,0,0,0,20241014,20241102
108425,0,0,0,1,0,0,0,20241014,20241102
108426,1,1,1,0,1,0,0,20241014,20241102
108427,1,1,1,0,1,0,0,20241014,20241102
108428,0,1,1,0,0,0,0,20241014,20241102
108429,0,1,1,0,0,0,0,20241014,20241102
108430,1,0,0,1,1,0,0,20241014,20241102
108431,1,0,0,1,1,0,0,20241014,20241102
108432,1,1,0,0,1,0,0,20241014,20241102
108433,1,1,0,0,1,0,0,20241014,20241102
108434,1,1,1,1,1,0,1,20241014,20241102
108435,1,1,1,1,1,0,1,20241014,20241102
108436,1,1,1,1,1,1,0,20241014,20241102
108437,1,1,1,1,1,1,0,20241014,20241102
108438,1,1,1,1,1,1,0,20241014,20241102
108439,1,1,1,1,1,0,0,20241014,20241102
108440,1,1,1,1,0,0,1,20241014,20241102
108441,0,1,1,0,1,0,0,20241014,20241102
108442,0,1,1,0,1,0,0,20241014,20241102
108501,1,1,1,1,1,0,0,20241103,20241231
108502,1,1,1,1,0,0,0,20241103,20241231
108503,0,1,1,1,1,0,0,20241103,20241231
108504,0,1,1,1,1,0,0,20241103,20241231
108505,0,0,0,0,1,0,0,20241103,20241231
108506,0,0,0,0,0,1,0,20241103,20241231
108507,0,0,0,0,0,1,0,20241103,20241231
108508,0,0,0,0,0,0,1,20241103,20241231
108509,0,0,0,0,0,0,1,20241103,20241231
108510,0,0,1,1,1,1,0,20241103,20241231
108511,0,1,1,1,1,1,0,20241103,20241231
108512,0,1,1,1,1,1,0,20241103,20241231
108513,1,0,0,0,0,0,0,20241103,20241231
108514,1,0,0,0,0,0,0,20241103,20241231
108515,1,0,0,0,0,0,0,20241103,20241231
108516,0,1,0,0,0,0,0,20241103,20241231
108517,0,1,0,0,0,0,0,20241103,20241231
108518,1,0,1,1,1,0,0,20241103,20241231
108519,1,0,1,1,1,0,0,20241103,20241231
108520,0,0,1,0,0,0,0,20241103,20241231
108521,0,0,1,0,0,0,0,20241103,20241231
108522,1,1,0,1,1,0,0,20241103,20241231
108523,1,1,0,1,1,0,0,20241103,20241231
108524,0,0,0,1,0,0,0,20241103,20241231
108525,0,0,0,1,0,0,0,20241103,20241231
108526,1,1,1,0,1,0,0,20241103,20241231
108527,1,1,1,0,1,0,0,20241103,20241231
108528,0,1,1,0,0,0,0,20241103,20241231
108529,0,1,1,0,0,0,0,20241103,20241231
108530,1,0,0,1,1,0,0,20241103,20241231
108531,1,0,0,1,1,0,0,20241103,20241231
108532,1,1,0,0,1,0,0,20241103,20241231
108533,1,1,0,0,1,0,0,20241103,20241231
108534,1,1,1,1,1,0,1,20241103,20241231
108535,1,1,1,1,1,0,1,20241103,20241231
108536,1,1,1,1,1,1,0,20241103,20241231
108537,1,1,1,1,1,1,0,20241103,20241231
108538,1,1,1,1,1,1,0,20241103,20241231
108539,1,1,1,1,1,0,0,20241103,20241231
108540,1,1,1,1,0,0,1,20241103,20241231
108541,0,1,1,0,1,0,0,20241103,20241231
108542,0,1,1,0,1,0,0,20241103,20241231
208401,1,1,1,1,1,0,0,20241014,20241102
208501,1,1,1,1,1,0,0,20241103,20241231
